f1: nan ± nan
time: 0.245296 ± 0.146070
fitness_ratio: 1.269778 ± 0.143723
rmse_ratio: 1.536999 ± 0.856342
r2_ratio: 7.024475 ± 2.975525
