f1: nan ± nan
time: 0.172062 ± 0.037040
fitness_ratio: 3.328150 ± 1.484633
rmse_ratio: 2.916359 ± 0.088069
r2_ratio: 10.000000 ± 0.000000
