f1: 0.311111 ± 0.439978
time: 0.448846 ± 0.478131
fitness_ratio: 2.384662 ± 0.433765
rmse_ratio: 1.058175 ± 0.762242
r2_ratio: 9.745404 ± 0.360054
