f1: nan ± nan
time: 0.107950 ± 0.000000
fitness_ratio: 4.739158 ± 0.000000
rmse_ratio: 1.651509 ± 0.000000
r2_ratio: 10.000000 ± 0.000000
