f1: 1.000000 ± 0.000000
time: 1.288053 ± 1.665323
fitness_ratio: 2.392120 ± 0.464101
rmse_ratio: 1.737494 ± 0.139652
r2_ratio: 9.397092 ± 0.852641
