f1: 0.039216 ± 0.055459
time: 0.603176 ± 0.445003
fitness_ratio: 1.934320 ± 0.214635
rmse_ratio: 0.414609 ± 0.034305
r2_ratio: 10.000000 ± 0.000000
