f1: 1.000000 ± 0.000000
time: 0.244318 ± 0.042575
fitness_ratio: 4.094208 ± 0.395683
rmse_ratio: 1.788904 ± 0.088927
r2_ratio: 10.000000 ± 0.000000
