f1: 0.000000 ± 0.000000
time: 0.002582 ± 0.000076
fitness_ratio: 1.000000 ± 0.000000
rmse_ratio: 0.916153 ± 0.025638
r2_ratio: 1.236583 ± 0.062095
