f1: 0.155276 ± 0.083049
time: 0.003140 ± 0.000089
fitness_ratio: 0.876324 ± 0.007461
rmse_ratio: 0.815124 ± 0.139160
r2_ratio: 8.567327 ± 2.026105
