f1: 0.124717 ± 0.148452
time: 0.003841 ± 0.000112
fitness_ratio: 1.054038 ± 0.039953
rmse_ratio: 0.889233 ± 0.260251
r2_ratio: 7.266008 ± 3.431503
