f1: 0.493131 ± 0.092750
time: 0.005171 ± 0.000287
fitness_ratio: 1.085024 ± 0.072955
rmse_ratio: 1.044861 ± 0.018929
r2_ratio: 2.446448 ± 0.995165
