f1: 0.611872 ± 0.095887
time: 0.005712 ± 0.000395
fitness_ratio: 2.074584 ± 0.435210
rmse_ratio: 1.189734 ± 0.081234
r2_ratio: 4.601007 ± 3.827047
