f1: 0.734471 ± 0.035006
time: 0.005624 ± 0.000400
fitness_ratio: 1.945529 ± 0.231531
rmse_ratio: 1.258937 ± 0.111252
r2_ratio: 2.111563 ± 0.496555
