f1: 0.821848 ± 0.090474
time: 0.011404 ± 0.003117
fitness_ratio: 1.248371 ± 0.184074
rmse_ratio: 1.527990 ± 0.121050
r2_ratio: 10.000000 ± 0.000000
