f1: 0.989899 ± 0.014285
time: 0.011527 ± 0.002605
fitness_ratio: 1.574436 ± 0.629030
rmse_ratio: 2.070281 ± 0.338655
r2_ratio: 10.000000 ± 0.000000
