f1: 0.980392 ± 0.027730
time: 0.014630 ± 0.004997
fitness_ratio: 3.786937 ± 1.302660
rmse_ratio: 1.924668 ± 0.140579
r2_ratio: 6.965376 ± 2.761817
