f1: 0.467836 ± 0.332048
time: 0.016290 ± 0.005314
fitness_ratio: 1.339525 ± 0.218183
rmse_ratio: 1.199679 ± 0.409263
r2_ratio: 8.598179 ± 1.982474
