f1: 0.942130 ± 0.045479
time: 0.024969 ± 0.006771
fitness_ratio: 1.570732 ± 0.529530
rmse_ratio: 2.050772 ± 0.085070
r2_ratio: 10.000000 ± 0.000000
