f1: 0.905996 ± 0.092343
time: 0.023130 ± 0.010480
fitness_ratio: 0.892112 ± 0.001688
rmse_ratio: 1.812422 ± 0.030309
r2_ratio: 10.000000 ± 0.000000
