f1: 0.656566 ± 0.464427
time: 0.030183 ± 0.018410
fitness_ratio: 1.326609 ± 0.376401
rmse_ratio: 1.305632 ± 0.488410
r2_ratio: 9.871452 ± 0.181794
