f1: 0.955556 ± 0.062854
time: 0.041273 ± 0.016131
fitness_ratio: 0.886612 ± 0.196095
rmse_ratio: 1.646726 ± 0.145584
r2_ratio: 10.000000 ± 0.000000
