f1: 0.912324 ± 0.102036
time: 0.061689 ± 0.034547
fitness_ratio: 1.863541 ± 0.888790
rmse_ratio: 1.690612 ± 0.140653
r2_ratio: 10.000000 ± 0.000000
