f1: 0.685655 ± 0.267810
time: 0.017839 ± 0.001453
fitness_ratio: 1.401729 ± 0.058347
rmse_ratio: 1.635770 ± 0.682639
r2_ratio: 7.757221 ± 3.171768
