f1: 1.000000 ± 0.000000
time: 0.032639 ± 0.005423
fitness_ratio: 3.814039 ± 0.852489
rmse_ratio: 2.082917 ± 0.154835
r2_ratio: 10.000000 ± 0.000000
