f1: 0.741001 ± 0.131987
time: 0.122363 ± 0.062119
fitness_ratio: 1.669094 ± 0.479609
rmse_ratio: 2.000931 ± 0.620213
r2_ratio: 8.127028 ± 2.648783
