f1: 0.912324 ± 0.102036
time: 0.054071 ± 0.032499
fitness_ratio: 1.357473 ± 0.208394
rmse_ratio: 1.727817 ± 0.394480
r2_ratio: 9.745777 ± 0.359526
