f1: nan ± nan
time: 0.124299 ± 0.069970
fitness_ratio: 3.222574 ± 1.186859
rmse_ratio: 2.093499 ± 0.163666
r2_ratio: 10.000000 ± 0.000000
