f1: 0.703813 ± 0.210262
time: 0.317414 ± 0.033771
fitness_ratio: 1.638362 ± 0.390150
rmse_ratio: 1.597946 ± 0.210457
r2_ratio: 10.000000 ± 0.000000
