f1: 0.525479 ± 0.399437
time: 0.193474 ± 0.098842
fitness_ratio: 1.418513 ± 0.095615
rmse_ratio: 0.875892 ± 0.525901
r2_ratio: 7.688061 ± 2.429149
