f1: nan ± nan
time: 0.096507 ± 0.025169
fitness_ratio: 2.125322 ± 0.038806
rmse_ratio: 1.950871 ± 0.253705
r2_ratio: 9.253524 ± 0.746476
