f1: 0.789298 ± 0.185986
time: 0.690526 ± 0.466239
fitness_ratio: 3.317452 ± 1.697853
rmse_ratio: 2.250691 ± 0.248134
r2_ratio: 10.000000 ± 0.000000
