f1: nan ± nan
time: 0.286028 ± 0.057733
fitness_ratio: 10.000000 ± 0.000000
rmse_ratio: 0.745200 ± 0.158073
r2_ratio: 1.989004 ± 0.172815
