f1: nan ± nan
time: 0.227418 ± 0.030742
fitness_ratio: 6.576708 ± 0.033506
rmse_ratio: 2.057942 ± 0.092225
r2_ratio: 10.000000 ± 0.000000
