f1: 0.856566 ± 0.079996
time: 0.488681 ± 0.233797
fitness_ratio: 8.423659 ± 1.858932
rmse_ratio: 2.020172 ± 0.483809
r2_ratio: 10.000000 ± 0.000000
