f1: nan ± nan
time: 0.166042 ± 0.000000
fitness_ratio: 10.000000 ± 0.000000
rmse_ratio: 1.148393 ± 0.000000
r2_ratio: 4.998111 ± 0.000000
