f1: 1.000000 ± 0.000000
time: 0.482867 ± 0.225381
fitness_ratio: 6.950061 ± 1.281793
rmse_ratio: 1.917636 ± 0.397747
r2_ratio: 10.000000 ± 0.000000
