f1: 0.803376 ± 0.004774
time: 0.533515 ± 0.363242
fitness_ratio: 10.000000 ± 0.000000
rmse_ratio: 1.853871 ± 0.483366
r2_ratio: 5.742325 ± 3.112436
