f1: 1.000000 ± 0.000000
time: 1.496447 ± 1.536633
fitness_ratio: 4.877840 ± 2.116912
rmse_ratio: 1.668632 ± 0.228666
r2_ratio: 9.067328 ± 1.318998
