f1: 0.656267 ± 0.130641
time: 0.002489 ± 0.000038
fitness_ratio: 1.000000 ± 0.000000
rmse_ratio: 1.247826 ± 0.219170
r2_ratio: 6.104805 ± 3.628378
