f1: 0.329365 ± 0.272223
time: 0.002916 ± 0.000048
fitness_ratio: 1.574414 ± 0.012741
rmse_ratio: 0.982726 ± 0.317053
r2_ratio: 7.608553 ± 3.382017
