f1: 0.203919 ± 0.173056
time: 0.003483 ± 0.000111
fitness_ratio: 1.107007 ± 0.075710
rmse_ratio: 0.809243 ± 0.134943
r2_ratio: 7.564864 ± 3.443802
