f1: 0.625525 ± 0.171167
time: 0.005593 ± 0.000320
fitness_ratio: 1.276257 ± 0.162192
rmse_ratio: 0.965061 ± 0.138271
r2_ratio: 4.225970 ± 1.140691
