f1: 0.601027 ± 0.136021
time: 0.005184 ± 0.000494
fitness_ratio: 1.045840 ± 0.247254
rmse_ratio: 1.041711 ± 0.039997
r2_ratio: 8.409194 ± 1.896232
