f1: 0.775198 ± 0.047692
time: 0.006264 ± 0.000672
fitness_ratio: 1.689432 ± 0.148595
rmse_ratio: 0.996430 ± 0.046883
r2_ratio: 5.422448 ± 3.306605
