f1: 0.867340 ± 0.123241
time: 0.007313 ± 0.000706
fitness_ratio: 2.100171 ± 0.670032
rmse_ratio: 1.353880 ± 0.313960
r2_ratio: 4.987746 ± 2.511393
