f1: 0.994709 ± 0.007483
time: 0.010145 ± 0.000575
fitness_ratio: 2.485512 ± 0.270330
rmse_ratio: 1.495759 ± 0.207251
r2_ratio: 8.683463 ± 1.861865
