f1: 0.989247 ± 0.015207
time: 0.009073 ± 0.000606
fitness_ratio: 4.896162 ± 3.619849
rmse_ratio: 1.601172 ± 0.201449
r2_ratio: 9.361601 ± 0.902833
