f1: 0.803214 ± 0.023241
time: 0.012078 ± 0.004073
fitness_ratio: 3.172407 ± 1.023423
rmse_ratio: 1.989074 ± 0.863137
r2_ratio: 10.000000 ± 0.000000
