f1: 0.967361 ± 0.027234
time: 0.024614 ± 0.003200
fitness_ratio: 3.736719 ± 0.105187
rmse_ratio: 1.479953 ± 0.250526
r2_ratio: 8.311155 ± 2.388387
