f1: 0.935038 ± 0.070930
time: 0.019577 ± 0.001335
fitness_ratio: 1.913648 ± 0.544238
rmse_ratio: 1.390921 ± 0.107377
r2_ratio: 8.296764 ± 1.235475
