f1: 0.931418 ± 0.086010
time: 0.018926 ± 0.005500
fitness_ratio: 7.752878 ± 3.177910
rmse_ratio: 2.000159 ± 1.125781
r2_ratio: 8.183725 ± 2.568601
