f1: 0.979798 ± 0.028570
time: 0.057060 ± 0.018255
fitness_ratio: 5.792698 ± 0.528684
rmse_ratio: 1.662717 ± 0.051033
r2_ratio: 10.000000 ± 0.000000
