f1: 0.970717 ± 0.031173
time: 0.157154 ± 0.087593
fitness_ratio: 4.220701 ± 1.430538
rmse_ratio: 1.623344 ± 0.248114
r2_ratio: 10.000000 ± 0.000000
