f1: 0.898364 ± 0.052123
time: 0.035574 ± 0.012417
fitness_ratio: 4.765884 ± 0.996848
rmse_ratio: 1.997905 ± 0.886838
r2_ratio: 10.000000 ± 0.000000
