f1: 1.000000 ± 0.000000
time: 0.126219 ± 0.061816
fitness_ratio: 4.318794 ± 0.640230
rmse_ratio: 1.474112 ± 0.014727
r2_ratio: 9.202517 ± 1.127812
