f1: 0.814003 ± 0.122585
time: 1.457177 ± 1.321882
fitness_ratio: 1.545097 ± 0.446011
rmse_ratio: 1.210981 ± 0.199279
r2_ratio: 8.565868 ± 2.028169
