f1: 0.966300 ± 0.037312
time: 0.045181 ± 0.005514
fitness_ratio: 8.269308 ± 2.447568
rmse_ratio: 1.688775 ± 0.218556
r2_ratio: 10.000000 ± 0.000000
