f1: nan ± nan
time: 0.127407 ± 0.072202
fitness_ratio: 4.437534 ± 1.115098
rmse_ratio: 1.884557 ± 0.036797
r2_ratio: 10.000000 ± 0.000000
