f1: 0.734617 ± 0.229629
time: 2.362849 ± 1.620188
fitness_ratio: 2.946690 ± 1.001605
rmse_ratio: 1.136901 ± 0.159449
r2_ratio: 7.502033 ± 2.322433
