f1: 0.887109 ± 0.075727
time: 0.204541 ± 0.104159
fitness_ratio: 6.739851 ± 1.865207
rmse_ratio: 1.838819 ± 0.782113
r2_ratio: 4.760672 ± 3.720327
