f1: nan ± nan
time: 0.139858 ± 0.034329
fitness_ratio: 7.409534 ± 0.477638
rmse_ratio: 2.084471 ± 0.140145
r2_ratio: 10.000000 ± 0.000000
