f1: 0.707201 ± 0.344083
time: 1.235291 ± 1.023197
fitness_ratio: 3.203010 ± 1.670934
rmse_ratio: 1.206685 ± 0.284882
r2_ratio: 10.000000 ± 0.000000
